data_root: ./data/imagenet_sketch
meta_root: ./static/imagenet_sketch
num_classes: 1000
norm_mean: [0.8518881, 0.8521781, 0.85234654]
norm_std: [0.27485442, 0.27530533, 0.27527317]
